ROS EE POSE RIGHT ARM (/right_gripper in /base):
pose: 
  position: 
    x: 0.8
    y: -0.3
    z: 0.0
  orientation: 
    x: 0.705164159846
    y: 0.000936004730899
    z: 0.709038164992
    w: 0.00274082988659

JOINT ANGLES:
{'right_e0': 0.9236827612602686,
 'right_e1': 1.4712713057421967,
 'right_s0': -0.1042813528914594,
 'right_s1': 0.3802553766204043,
 'right_w0': -0.8860336003372191,
 'right_w1': -1.0064829097388408,
 'right_w2': 2.34976894473572}

XYZRPY:
X = 0.8
Y = -0.3
Z = 0.0
Rs = 0.7580154849109062
Ps = -1.563242895215259
Ys = 2.3810247415697874
Qs = tr.quaternion_from_euler(Rs, Ps, Ys, 'sxyz')


q_right = np.array([-0.1042813528914594,0.3802553766204043,0.9236827612602686,1.4712713057421967,-0.8860336003372191,-1.0064829097388408,2.34976894473572])


al, be, ga = euler_from_matrix(Re, 'rxyz')
